(kicad_pcb (version 20171130) (host pcbnew "(5.0.2)-1")

  (general
    (thickness 1.6)
    (drawings 5)
    (tracks 47)
    (zones 0)
    (modules 8)
    (nets 27)
  )

  (page A4)
  (layers
    (0 F.Cu signal)
    (31 B.Cu signal)
    (32 B.Adhes user)
    (33 F.Adhes user)
    (34 B.Paste user)
    (35 F.Paste user)
    (36 B.SilkS user)
    (37 F.SilkS user)
    (38 B.Mask user)
    (39 F.Mask user)
    (40 Dwgs.User user)
    (41 Cmts.User user)
    (42 Eco1.User user)
    (43 Eco2.User user)
    (44 Edge.Cuts user)
    (45 Margin user)
    (46 B.CrtYd user)
    (47 F.CrtYd user)
    (48 B.Fab user hide)
    (49 F.Fab user hide)
  )

  (setup
    (last_trace_width 0.6)
    (trace_clearance 0.2)
    (zone_clearance 0.508)
    (zone_45_only no)
    (trace_min 0.2)
    (segment_width 0.2)
    (edge_width 0.15)
    (via_size 0.8)
    (via_drill 0.4)
    (via_min_size 0.4)
    (via_min_drill 0.3)
    (uvia_size 0.3)
    (uvia_drill 0.1)
    (uvias_allowed no)
    (uvia_min_size 0.2)
    (uvia_min_drill 0.1)
    (pcb_text_width 0.3)
    (pcb_text_size 1.5 1.5)
    (mod_edge_width 0.15)
    (mod_text_size 1 1)
    (mod_text_width 0.15)
    (pad_size 1.524 1.524)
    (pad_drill 0.762)
    (pad_to_mask_clearance 0.051)
    (solder_mask_min_width 0.25)
    (aux_axis_origin 127.8636 80.5688)
    (visible_elements FFFFFF7F)
    (pcbplotparams
      (layerselection 0x010fc_ffffffff)
      (usegerberextensions false)
      (usegerberattributes false)
      (usegerberadvancedattributes false)
      (creategerberjobfile false)
      (excludeedgelayer true)
      (linewidth 0.100000)
      (plotframeref false)
      (viasonmask false)
      (mode 1)
      (useauxorigin false)
      (hpglpennumber 1)
      (hpglpenspeed 20)
      (hpglpendiameter 15.000000)
      (psnegative false)
      (psa4output false)
      (plotreference true)
      (plotvalue true)
      (plotinvisibletext false)
      (padsonsilk false)
      (subtractmaskfromsilk false)
      (outputformat 1)
      (mirror false)
      (drillshape 1)
      (scaleselection 1)
      (outputdirectory ""))
  )

  (net 0 "")
  (net 1 "Net-(J2-Pad9)")
  (net 2 GND)
  (net 3 "Net-(Q1-Pad1)")
  (net 4 "Net-(Q2-Pad1)")
  (net 5 "Net-(J2-Pad8)")
  (net 6 "Net-(J2-Pad7)")
  (net 7 "Net-(Q3-Pad1)")
  (net 8 step)
  (net 9 DIR)
  (net 10 ENA)
  (net 11 VCC)
  (net 12 "Net-(J1-Pad5)")
  (net 13 "Net-(J1-Pad6)")
  (net 14 "Net-(J1-Pad7)")
  (net 15 "Net-(J1-Pad8)")
  (net 16 "Net-(J1-Pad9)")
  (net 17 "Net-(J1-Pad11)")
  (net 18 "Net-(J1-Pad12)")
  (net 19 "Net-(J2-Pad12)")
  (net 20 "Net-(J2-Pad11)")
  (net 21 "Net-(J2-Pad6)")
  (net 22 "Net-(J2-Pad5)")
  (net 23 "Net-(J2-Pad4)")
  (net 24 "Net-(J2-Pad3)")
  (net 25 "Net-(J2-Pad2)")
  (net 26 "Net-(J2-Pad1)")

  (net_class Default "This is the default net class."
    (clearance 0.2)
    (trace_width 0.6)
    (via_dia 0.8)
    (via_drill 0.4)
    (uvia_dia 0.3)
    (uvia_drill 0.1)
    (add_net DIR)
    (add_net ENA)
    (add_net GND)
    (add_net "Net-(J1-Pad11)")
    (add_net "Net-(J1-Pad12)")
    (add_net "Net-(J1-Pad5)")
    (add_net "Net-(J1-Pad6)")
    (add_net "Net-(J1-Pad7)")
    (add_net "Net-(J1-Pad8)")
    (add_net "Net-(J1-Pad9)")
    (add_net "Net-(J2-Pad1)")
    (add_net "Net-(J2-Pad11)")
    (add_net "Net-(J2-Pad12)")
    (add_net "Net-(J2-Pad2)")
    (add_net "Net-(J2-Pad3)")
    (add_net "Net-(J2-Pad4)")
    (add_net "Net-(J2-Pad5)")
    (add_net "Net-(J2-Pad6)")
    (add_net "Net-(J2-Pad7)")
    (add_net "Net-(J2-Pad8)")
    (add_net "Net-(J2-Pad9)")
    (add_net "Net-(Q1-Pad1)")
    (add_net "Net-(Q2-Pad1)")
    (add_net "Net-(Q3-Pad1)")
    (add_net VCC)
    (add_net step)
  )

  (module Connector_PinSocket_2.54mm:PinSocket_1x12_P2.54mm_Vertical (layer F.Cu) (tedit 5A19A41D) (tstamp 5C716FA2)
    (at 165.3032 78.6892 180)
    (descr "Through hole straight socket strip, 1x12, 2.54mm pitch, single row (from Kicad 4.0.7), script generated")
    (tags "Through hole socket strip THT 1x12 2.54mm single row")
    (path /5C6462EF)
    (fp_text reference J2 (at 0 -2.77 180) (layer F.SilkS)
      (effects (font (size 1 1) (thickness 0.15)))
    )
    (fp_text value PiggybackOUT (at 0 30.71 180) (layer F.Fab)
      (effects (font (size 1 1) (thickness 0.15)))
    )
    (fp_text user %R (at 0 13.97 270) (layer F.Fab)
      (effects (font (size 1 1) (thickness 0.15)))
    )
    (fp_line (start -1.8 29.7) (end -1.8 -1.8) (layer F.CrtYd) (width 0.05))
    (fp_line (start 1.75 29.7) (end -1.8 29.7) (layer F.CrtYd) (width 0.05))
    (fp_line (start 1.75 -1.8) (end 1.75 29.7) (layer F.CrtYd) (width 0.05))
    (fp_line (start -1.8 -1.8) (end 1.75 -1.8) (layer F.CrtYd) (width 0.05))
    (fp_line (start 0 -1.33) (end 1.33 -1.33) (layer F.SilkS) (width 0.12))
    (fp_line (start 1.33 -1.33) (end 1.33 0) (layer F.SilkS) (width 0.12))
    (fp_line (start 1.33 1.27) (end 1.33 29.27) (layer F.SilkS) (width 0.12))
    (fp_line (start -1.33 29.27) (end 1.33 29.27) (layer F.SilkS) (width 0.12))
    (fp_line (start -1.33 1.27) (end -1.33 29.27) (layer F.SilkS) (width 0.12))
    (fp_line (start -1.33 1.27) (end 1.33 1.27) (layer F.SilkS) (width 0.12))
    (fp_line (start -1.27 29.21) (end -1.27 -1.27) (layer F.Fab) (width 0.1))
    (fp_line (start 1.27 29.21) (end -1.27 29.21) (layer F.Fab) (width 0.1))
    (fp_line (start 1.27 -0.635) (end 1.27 29.21) (layer F.Fab) (width 0.1))
    (fp_line (start 0.635 -1.27) (end 1.27 -0.635) (layer F.Fab) (width 0.1))
    (fp_line (start -1.27 -1.27) (end 0.635 -1.27) (layer F.Fab) (width 0.1))
    (pad 12 thru_hole oval (at 0 27.94 180) (size 1.7 1.7) (drill 1) (layers *.Cu *.Mask)
      (net 19 "Net-(J2-Pad12)"))
    (pad 11 thru_hole oval (at 0 25.4 180) (size 1.7 1.7) (drill 1) (layers *.Cu *.Mask)
      (net 20 "Net-(J2-Pad11)"))
    (pad 10 thru_hole oval (at 0 22.86 180) (size 1.7 1.7) (drill 1) (layers *.Cu *.Mask)
      (net 11 VCC))
    (pad 9 thru_hole oval (at 0 20.32 180) (size 1.7 1.7) (drill 1) (layers *.Cu *.Mask)
      (net 1 "Net-(J2-Pad9)"))
    (pad 8 thru_hole oval (at 0 17.78 180) (size 1.7 1.7) (drill 1) (layers *.Cu *.Mask)
      (net 5 "Net-(J2-Pad8)"))
    (pad 7 thru_hole oval (at 0 15.24 180) (size 1.7 1.7) (drill 1) (layers *.Cu *.Mask)
      (net 6 "Net-(J2-Pad7)"))
    (pad 6 thru_hole oval (at 0 12.7 180) (size 1.7 1.7) (drill 1) (layers *.Cu *.Mask)
      (net 21 "Net-(J2-Pad6)"))
    (pad 5 thru_hole oval (at 0 10.16 180) (size 1.7 1.7) (drill 1) (layers *.Cu *.Mask)
      (net 22 "Net-(J2-Pad5)"))
    (pad 4 thru_hole oval (at 0 7.62 180) (size 1.7 1.7) (drill 1) (layers *.Cu *.Mask)
      (net 23 "Net-(J2-Pad4)"))
    (pad 3 thru_hole oval (at 0 5.08 180) (size 1.7 1.7) (drill 1) (layers *.Cu *.Mask)
      (net 24 "Net-(J2-Pad3)"))
    (pad 2 thru_hole oval (at 0 2.54 180) (size 1.7 1.7) (drill 1) (layers *.Cu *.Mask)
      (net 25 "Net-(J2-Pad2)"))
    (pad 1 thru_hole rect (at 0 0 180) (size 1.7 1.7) (drill 1) (layers *.Cu *.Mask)
      (net 26 "Net-(J2-Pad1)"))
    (model ${KISYS3DMOD}/Connector_PinSocket_2.54mm.3dshapes/PinSocket_1x12_P2.54mm_Vertical.wrl
      (at (xyz 0 0 0))
      (scale (xyz 1 1 1))
      (rotate (xyz 0 0 0))
    )
  )

  (module Connector_PinSocket_2.54mm:PinSocket_1x12_P2.54mm_Vertical locked (layer F.Cu) (tedit 5A19A41D) (tstamp 5C716F82)
    (at 129.7432 50.7492)
    (descr "Through hole straight socket strip, 1x12, 2.54mm pitch, single row (from Kicad 4.0.7), script generated")
    (tags "Through hole socket strip THT 1x12 2.54mm single row")
    (path /5C64628F)
    (fp_text reference J1 (at 0 -2.77) (layer F.SilkS)
      (effects (font (size 1 1) (thickness 0.15)))
    )
    (fp_text value PiggybackIN (at 0 30.71) (layer F.Fab)
      (effects (font (size 1 1) (thickness 0.15)))
    )
    (fp_line (start -1.27 -1.27) (end 0.635 -1.27) (layer F.Fab) (width 0.1))
    (fp_line (start 0.635 -1.27) (end 1.27 -0.635) (layer F.Fab) (width 0.1))
    (fp_line (start 1.27 -0.635) (end 1.27 29.21) (layer F.Fab) (width 0.1))
    (fp_line (start 1.27 29.21) (end -1.27 29.21) (layer F.Fab) (width 0.1))
    (fp_line (start -1.27 29.21) (end -1.27 -1.27) (layer F.Fab) (width 0.1))
    (fp_line (start -1.33 1.27) (end 1.33 1.27) (layer F.SilkS) (width 0.12))
    (fp_line (start -1.33 1.27) (end -1.33 29.27) (layer F.SilkS) (width 0.12))
    (fp_line (start -1.33 29.27) (end 1.33 29.27) (layer F.SilkS) (width 0.12))
    (fp_line (start 1.33 1.27) (end 1.33 29.27) (layer F.SilkS) (width 0.12))
    (fp_line (start 1.33 -1.33) (end 1.33 0) (layer F.SilkS) (width 0.12))
    (fp_line (start 0 -1.33) (end 1.33 -1.33) (layer F.SilkS) (width 0.12))
    (fp_line (start -1.8 -1.8) (end 1.75 -1.8) (layer F.CrtYd) (width 0.05))
    (fp_line (start 1.75 -1.8) (end 1.75 29.7) (layer F.CrtYd) (width 0.05))
    (fp_line (start 1.75 29.7) (end -1.8 29.7) (layer F.CrtYd) (width 0.05))
    (fp_line (start -1.8 29.7) (end -1.8 -1.8) (layer F.CrtYd) (width 0.05))
    (fp_text user %R (at 0 13.97 90) (layer F.Fab)
      (effects (font (size 1 1) (thickness 0.15)))
    )
    (pad 1 thru_hole rect (at 0 0) (size 1.7 1.7) (drill 1) (layers *.Cu *.Mask)
      (net 11 VCC))
    (pad 2 thru_hole oval (at 0 2.54) (size 1.7 1.7) (drill 1) (layers *.Cu *.Mask)
      (net 2 GND))
    (pad 3 thru_hole oval (at 0 5.08) (size 1.7 1.7) (drill 1) (layers *.Cu *.Mask)
      (net 8 step))
    (pad 4 thru_hole oval (at 0 7.62) (size 1.7 1.7) (drill 1) (layers *.Cu *.Mask)
      (net 9 DIR))
    (pad 5 thru_hole oval (at 0 10.16) (size 1.7 1.7) (drill 1) (layers *.Cu *.Mask)
      (net 12 "Net-(J1-Pad5)"))
    (pad 6 thru_hole oval (at 0 12.7) (size 1.7 1.7) (drill 1) (layers *.Cu *.Mask)
      (net 13 "Net-(J1-Pad6)"))
    (pad 7 thru_hole oval (at 0 15.24) (size 1.7 1.7) (drill 1) (layers *.Cu *.Mask)
      (net 14 "Net-(J1-Pad7)"))
    (pad 8 thru_hole oval (at 0 17.78) (size 1.7 1.7) (drill 1) (layers *.Cu *.Mask)
      (net 15 "Net-(J1-Pad8)"))
    (pad 9 thru_hole oval (at 0 20.32) (size 1.7 1.7) (drill 1) (layers *.Cu *.Mask)
      (net 16 "Net-(J1-Pad9)"))
    (pad 10 thru_hole oval (at 0 22.86) (size 1.7 1.7) (drill 1) (layers *.Cu *.Mask)
      (net 10 ENA))
    (pad 11 thru_hole oval (at 0 25.4) (size 1.7 1.7) (drill 1) (layers *.Cu *.Mask)
      (net 17 "Net-(J1-Pad11)"))
    (pad 12 thru_hole oval (at 0 27.94) (size 1.7 1.7) (drill 1) (layers *.Cu *.Mask)
      (net 18 "Net-(J1-Pad12)"))
    (model ${KISYS3DMOD}/Connector_PinSocket_2.54mm.3dshapes/PinSocket_1x12_P2.54mm_Vertical.wrl
      (at (xyz 0 0 0))
      (scale (xyz 1 1 1))
      (rotate (xyz 0 0 0))
    )
  )

  (module Resistor_SMD:R_0805_2012Metric_Pad1.15x1.40mm_HandSolder (layer F.Cu) (tedit 5B36C52B) (tstamp 5C716F62)
    (at 135.7466 73.66 180)
    (descr "Resistor SMD 0805 (2012 Metric), square (rectangular) end terminal, IPC_7351 nominal with elongated pad for handsoldering. (Body size source: https://docs.google.com/spreadsheets/d/1BsfQQcO9C6DZCsRaXUlFlo91Tg2WpOkGARC1WS5S8t0/edit?usp=sharing), generated with kicad-footprint-generator")
    (tags "resistor handsolder")
    (path /5C646EAF)
    (attr smd)
    (fp_text reference R3 (at 0 -1.65 180) (layer F.SilkS)
      (effects (font (size 1 1) (thickness 0.15)))
    )
    (fp_text value R (at 0 1.65 180) (layer F.Fab)
      (effects (font (size 1 1) (thickness 0.15)))
    )
    (fp_line (start -1 0.6) (end -1 -0.6) (layer F.Fab) (width 0.1))
    (fp_line (start -1 -0.6) (end 1 -0.6) (layer F.Fab) (width 0.1))
    (fp_line (start 1 -0.6) (end 1 0.6) (layer F.Fab) (width 0.1))
    (fp_line (start 1 0.6) (end -1 0.6) (layer F.Fab) (width 0.1))
    (fp_line (start -0.261252 -0.71) (end 0.261252 -0.71) (layer F.SilkS) (width 0.12))
    (fp_line (start -0.261252 0.71) (end 0.261252 0.71) (layer F.SilkS) (width 0.12))
    (fp_line (start -1.85 0.95) (end -1.85 -0.95) (layer F.CrtYd) (width 0.05))
    (fp_line (start -1.85 -0.95) (end 1.85 -0.95) (layer F.CrtYd) (width 0.05))
    (fp_line (start 1.85 -0.95) (end 1.85 0.95) (layer F.CrtYd) (width 0.05))
    (fp_line (start 1.85 0.95) (end -1.85 0.95) (layer F.CrtYd) (width 0.05))
    (fp_text user %R (at 0 0 180) (layer F.Fab)
      (effects (font (size 0.5 0.5) (thickness 0.08)))
    )
    (pad 1 smd roundrect (at -1.025 0 180) (size 1.15 1.4) (layers F.Cu F.Paste F.Mask) (roundrect_rratio 0.217391)
      (net 7 "Net-(Q3-Pad1)"))
    (pad 2 smd roundrect (at 1.025 0 180) (size 1.15 1.4) (layers F.Cu F.Paste F.Mask) (roundrect_rratio 0.217391)
      (net 10 ENA))
    (model ${KISYS3DMOD}/Resistor_SMD.3dshapes/R_0805_2012Metric.wrl
      (at (xyz 0 0 0))
      (scale (xyz 1 1 1))
      (rotate (xyz 0 0 0))
    )
  )

  (module Resistor_SMD:R_0805_2012Metric_Pad1.15x1.40mm_HandSolder (layer F.Cu) (tedit 5B36C52B) (tstamp 5C716F51)
    (at 142.6554 64.008 180)
    (descr "Resistor SMD 0805 (2012 Metric), square (rectangular) end terminal, IPC_7351 nominal with elongated pad for handsoldering. (Body size source: https://docs.google.com/spreadsheets/d/1BsfQQcO9C6DZCsRaXUlFlo91Tg2WpOkGARC1WS5S8t0/edit?usp=sharing), generated with kicad-footprint-generator")
    (tags "resistor handsolder")
    (path /5C647136)
    (attr smd)
    (fp_text reference R2 (at 0 -1.65 180) (layer F.SilkS)
      (effects (font (size 1 1) (thickness 0.15)))
    )
    (fp_text value R (at 0 1.65 180) (layer F.Fab)
      (effects (font (size 1 1) (thickness 0.15)))
    )
    (fp_text user %R (at 0 -0.060601 180) (layer F.Fab)
      (effects (font (size 0.5 0.5) (thickness 0.08)))
    )
    (fp_line (start 1.85 0.95) (end -1.85 0.95) (layer F.CrtYd) (width 0.05))
    (fp_line (start 1.85 -0.95) (end 1.85 0.95) (layer F.CrtYd) (width 0.05))
    (fp_line (start -1.85 -0.95) (end 1.85 -0.95) (layer F.CrtYd) (width 0.05))
    (fp_line (start -1.85 0.95) (end -1.85 -0.95) (layer F.CrtYd) (width 0.05))
    (fp_line (start -0.261252 0.71) (end 0.261252 0.71) (layer F.SilkS) (width 0.12))
    (fp_line (start -0.261252 -0.71) (end 0.261252 -0.71) (layer F.SilkS) (width 0.12))
    (fp_line (start 1 0.6) (end -1 0.6) (layer F.Fab) (width 0.1))
    (fp_line (start 1 -0.6) (end 1 0.6) (layer F.Fab) (width 0.1))
    (fp_line (start -1 -0.6) (end 1 -0.6) (layer F.Fab) (width 0.1))
    (fp_line (start -1 0.6) (end -1 -0.6) (layer F.Fab) (width 0.1))
    (pad 2 smd roundrect (at 1.025 0 180) (size 1.15 1.4) (layers F.Cu F.Paste F.Mask) (roundrect_rratio 0.217391)
      (net 9 DIR))
    (pad 1 smd roundrect (at -1.025 0 180) (size 1.15 1.4) (layers F.Cu F.Paste F.Mask) (roundrect_rratio 0.217391)
      (net 4 "Net-(Q2-Pad1)"))
    (model ${KISYS3DMOD}/Resistor_SMD.3dshapes/R_0805_2012Metric.wrl
      (at (xyz 0 0 0))
      (scale (xyz 1 1 1))
      (rotate (xyz 0 0 0))
    )
  )

  (module Resistor_SMD:R_0805_2012Metric_Pad1.15x1.40mm_HandSolder (layer F.Cu) (tedit 5B36C52B) (tstamp 5C716F40)
    (at 139.5984 60.1472 180)
    (descr "Resistor SMD 0805 (2012 Metric), square (rectangular) end terminal, IPC_7351 nominal with elongated pad for handsoldering. (Body size source: https://docs.google.com/spreadsheets/d/1BsfQQcO9C6DZCsRaXUlFlo91Tg2WpOkGARC1WS5S8t0/edit?usp=sharing), generated with kicad-footprint-generator")
    (tags "resistor handsolder")
    (path /5C6471C2)
    (attr smd)
    (fp_text reference R1 (at 0 -1.65 180) (layer F.SilkS)
      (effects (font (size 1 1) (thickness 0.15)))
    )
    (fp_text value R (at 0 1.65 180) (layer F.Fab)
      (effects (font (size 1 1) (thickness 0.15)))
    )
    (fp_line (start -1 0.6) (end -1 -0.6) (layer F.Fab) (width 0.1))
    (fp_line (start -1 -0.6) (end 1 -0.6) (layer F.Fab) (width 0.1))
    (fp_line (start 1 -0.6) (end 1 0.6) (layer F.Fab) (width 0.1))
    (fp_line (start 1 0.6) (end -1 0.6) (layer F.Fab) (width 0.1))
    (fp_line (start -0.261252 -0.71) (end 0.261252 -0.71) (layer F.SilkS) (width 0.12))
    (fp_line (start -0.261252 0.71) (end 0.261252 0.71) (layer F.SilkS) (width 0.12))
    (fp_line (start -1.85 0.95) (end -1.85 -0.95) (layer F.CrtYd) (width 0.05))
    (fp_line (start -1.85 -0.95) (end 1.85 -0.95) (layer F.CrtYd) (width 0.05))
    (fp_line (start 1.85 -0.95) (end 1.85 0.95) (layer F.CrtYd) (width 0.05))
    (fp_line (start 1.85 0.95) (end -1.85 0.95) (layer F.CrtYd) (width 0.05))
    (fp_text user %R (at -6.001801 -1.737001 180) (layer F.Fab)
      (effects (font (size 0.5 0.5) (thickness 0.08)))
    )
    (pad 1 smd roundrect (at -1.025 0 180) (size 1.15 1.4) (layers F.Cu F.Paste F.Mask) (roundrect_rratio 0.217391)
      (net 3 "Net-(Q1-Pad1)"))
    (pad 2 smd roundrect (at 1.025 0 180) (size 1.15 1.4) (layers F.Cu F.Paste F.Mask) (roundrect_rratio 0.217391)
      (net 8 step))
    (model ${KISYS3DMOD}/Resistor_SMD.3dshapes/R_0805_2012Metric.wrl
      (at (xyz 0 0 0))
      (scale (xyz 1 1 1))
      (rotate (xyz 0 0 0))
    )
  )

  (module digikey-footprints:SOT-23-3 (layer F.Cu) (tedit 59D275F3) (tstamp 5C716F2F)
    (at 156.6672 64.9224 90)
    (path /5C646072)
    (fp_text reference Q3 (at 0.025 -3.375 90) (layer F.SilkS)
      (effects (font (size 1 1) (thickness 0.15)))
    )
    (fp_text value BSS138 (at 0.025 3.25 90) (layer F.Fab)
      (effects (font (size 1 1) (thickness 0.15)))
    )
    (fp_line (start -1.825 -1.95) (end 1.825 -1.95) (layer F.CrtYd) (width 0.05))
    (fp_line (start -1.825 -1.95) (end -1.825 1.95) (layer F.CrtYd) (width 0.05))
    (fp_line (start 1.825 1.95) (end -1.825 1.95) (layer F.CrtYd) (width 0.05))
    (fp_line (start 1.825 -1.95) (end 1.825 1.95) (layer F.CrtYd) (width 0.05))
    (fp_line (start -0.175 -1.65) (end -0.45 -1.65) (layer F.SilkS) (width 0.1))
    (fp_line (start -0.45 -1.65) (end -0.825 -1.375) (layer F.SilkS) (width 0.1))
    (fp_line (start -0.825 -1.375) (end -0.825 -1.325) (layer F.SilkS) (width 0.1))
    (fp_line (start -0.825 -1.325) (end -1.6 -1.325) (layer F.SilkS) (width 0.1))
    (fp_line (start -0.7 -1.325) (end -0.7 1.525) (layer F.Fab) (width 0.1))
    (fp_line (start -0.425 -1.525) (end 0.7 -1.525) (layer F.Fab) (width 0.1))
    (fp_line (start -0.425 -1.525) (end -0.7 -1.325) (layer F.Fab) (width 0.1))
    (fp_line (start -0.35 1.65) (end -0.825 1.65) (layer F.SilkS) (width 0.1))
    (fp_line (start -0.825 1.65) (end -0.825 1.3) (layer F.SilkS) (width 0.1))
    (fp_line (start 0.825 1.425) (end 0.825 1.3) (layer F.SilkS) (width 0.1))
    (fp_line (start 0.825 1.35) (end 0.825 1.65) (layer F.SilkS) (width 0.1))
    (fp_line (start 0.825 1.65) (end 0.375 1.65) (layer F.SilkS) (width 0.1))
    (fp_line (start 0.45 -1.65) (end 0.825 -1.65) (layer F.SilkS) (width 0.1))
    (fp_line (start 0.825 -1.65) (end 0.825 -1.35) (layer F.SilkS) (width 0.1))
    (fp_text user %R (at -0.125 0.15 90) (layer F.Fab)
      (effects (font (size 0.25 0.25) (thickness 0.05)))
    )
    (fp_line (start -0.7 1.52) (end 0.7 1.52) (layer F.Fab) (width 0.1))
    (fp_line (start 0.7 1.52) (end 0.7 -1.52) (layer F.Fab) (width 0.1))
    (pad 3 smd rect (at 1.05 0 90) (size 1.3 0.6) (layers F.Cu F.Paste F.Mask)
      (net 6 "Net-(J2-Pad7)") (solder_mask_margin 0.07))
    (pad 2 smd rect (at -1.05 0.95 90) (size 1.3 0.6) (layers F.Cu F.Paste F.Mask)
      (net 2 GND) (solder_mask_margin 0.07))
    (pad 1 smd rect (at -1.05 -0.95 90) (size 1.3 0.6) (layers F.Cu F.Paste F.Mask)
      (net 7 "Net-(Q3-Pad1)") (solder_mask_margin 0.07))
  )

  (module digikey-footprints:SOT-23-3 (layer F.Cu) (tedit 59D275F3) (tstamp 5C716F13)
    (at 150.622 62.484 90)
    (path /5C64712F)
    (fp_text reference Q2 (at 0.025 -3.375 90) (layer F.SilkS)
      (effects (font (size 1 1) (thickness 0.15)))
    )
    (fp_text value BSS138 (at 0.025 3.25 90) (layer F.Fab)
      (effects (font (size 1 1) (thickness 0.15)))
    )
    (fp_line (start 0.7 1.52) (end 0.7 -1.52) (layer F.Fab) (width 0.1))
    (fp_line (start -0.7 1.52) (end 0.7 1.52) (layer F.Fab) (width 0.1))
    (fp_text user %R (at -0.125 0.15 90) (layer F.Fab)
      (effects (font (size 0.25 0.25) (thickness 0.05)))
    )
    (fp_line (start 0.825 -1.65) (end 0.825 -1.35) (layer F.SilkS) (width 0.1))
    (fp_line (start 0.45 -1.65) (end 0.825 -1.65) (layer F.SilkS) (width 0.1))
    (fp_line (start 0.825 1.65) (end 0.375 1.65) (layer F.SilkS) (width 0.1))
    (fp_line (start 0.825 1.35) (end 0.825 1.65) (layer F.SilkS) (width 0.1))
    (fp_line (start 0.825 1.425) (end 0.825 1.3) (layer F.SilkS) (width 0.1))
    (fp_line (start -0.825 1.65) (end -0.825 1.3) (layer F.SilkS) (width 0.1))
    (fp_line (start -0.35 1.65) (end -0.825 1.65) (layer F.SilkS) (width 0.1))
    (fp_line (start -0.425 -1.525) (end -0.7 -1.325) (layer F.Fab) (width 0.1))
    (fp_line (start -0.425 -1.525) (end 0.7 -1.525) (layer F.Fab) (width 0.1))
    (fp_line (start -0.7 -1.325) (end -0.7 1.525) (layer F.Fab) (width 0.1))
    (fp_line (start -0.825 -1.325) (end -1.6 -1.325) (layer F.SilkS) (width 0.1))
    (fp_line (start -0.825 -1.375) (end -0.825 -1.325) (layer F.SilkS) (width 0.1))
    (fp_line (start -0.45 -1.65) (end -0.825 -1.375) (layer F.SilkS) (width 0.1))
    (fp_line (start -0.175 -1.65) (end -0.45 -1.65) (layer F.SilkS) (width 0.1))
    (fp_line (start 1.825 -1.95) (end 1.825 1.95) (layer F.CrtYd) (width 0.05))
    (fp_line (start 1.825 1.95) (end -1.825 1.95) (layer F.CrtYd) (width 0.05))
    (fp_line (start -1.825 -1.95) (end -1.825 1.95) (layer F.CrtYd) (width 0.05))
    (fp_line (start -1.825 -1.95) (end 1.825 -1.95) (layer F.CrtYd) (width 0.05))
    (pad 1 smd rect (at -1.05 -0.95 90) (size 1.3 0.6) (layers F.Cu F.Paste F.Mask)
      (net 4 "Net-(Q2-Pad1)") (solder_mask_margin 0.07))
    (pad 2 smd rect (at -1.05 0.95 90) (size 1.3 0.6) (layers F.Cu F.Paste F.Mask)
      (net 2 GND) (solder_mask_margin 0.07))
    (pad 3 smd rect (at 1.05 0 90) (size 1.3 0.6) (layers F.Cu F.Paste F.Mask)
      (net 5 "Net-(J2-Pad8)") (solder_mask_margin 0.07))
  )

  (module digikey-footprints:SOT-23-3 (layer F.Cu) (tedit 59D275F3) (tstamp 5C716EF7)
    (at 145.034 59.1312 90)
    (path /5C6471BB)
    (fp_text reference Q1 (at 0.025 -3.375 90) (layer F.SilkS)
      (effects (font (size 1 1) (thickness 0.15)))
    )
    (fp_text value BSS138 (at 0.025 3.25 90) (layer F.Fab)
      (effects (font (size 1 1) (thickness 0.15)))
    )
    (fp_line (start -1.825 -1.95) (end 1.825 -1.95) (layer F.CrtYd) (width 0.05))
    (fp_line (start -1.825 -1.95) (end -1.825 1.95) (layer F.CrtYd) (width 0.05))
    (fp_line (start 1.825 1.95) (end -1.825 1.95) (layer F.CrtYd) (width 0.05))
    (fp_line (start 1.825 -1.95) (end 1.825 1.95) (layer F.CrtYd) (width 0.05))
    (fp_line (start -0.175 -1.65) (end -0.45 -1.65) (layer F.SilkS) (width 0.1))
    (fp_line (start -0.45 -1.65) (end -0.825 -1.375) (layer F.SilkS) (width 0.1))
    (fp_line (start -0.825 -1.375) (end -0.825 -1.325) (layer F.SilkS) (width 0.1))
    (fp_line (start -0.825 -1.325) (end -1.6 -1.325) (layer F.SilkS) (width 0.1))
    (fp_line (start -0.7 -1.325) (end -0.7 1.525) (layer F.Fab) (width 0.1))
    (fp_line (start -0.425 -1.525) (end 0.7 -1.525) (layer F.Fab) (width 0.1))
    (fp_line (start -0.425 -1.525) (end -0.7 -1.325) (layer F.Fab) (width 0.1))
    (fp_line (start -0.35 1.65) (end -0.825 1.65) (layer F.SilkS) (width 0.1))
    (fp_line (start -0.825 1.65) (end -0.825 1.3) (layer F.SilkS) (width 0.1))
    (fp_line (start 0.825 1.425) (end 0.825 1.3) (layer F.SilkS) (width 0.1))
    (fp_line (start 0.825 1.35) (end 0.825 1.65) (layer F.SilkS) (width 0.1))
    (fp_line (start 0.825 1.65) (end 0.375 1.65) (layer F.SilkS) (width 0.1))
    (fp_line (start 0.45 -1.65) (end 0.825 -1.65) (layer F.SilkS) (width 0.1))
    (fp_line (start 0.825 -1.65) (end 0.825 -1.35) (layer F.SilkS) (width 0.1))
    (fp_text user %R (at -0.125 0.15 90) (layer F.Fab)
      (effects (font (size 0.25 0.25) (thickness 0.05)))
    )
    (fp_line (start -0.7 1.52) (end 0.7 1.52) (layer F.Fab) (width 0.1))
    (fp_line (start 0.7 1.52) (end 0.7 -1.52) (layer F.Fab) (width 0.1))
    (pad 3 smd rect (at 1.05 0 90) (size 1.3 0.6) (layers F.Cu F.Paste F.Mask)
      (net 1 "Net-(J2-Pad9)") (solder_mask_margin 0.07))
    (pad 2 smd rect (at -1.05 0.95 90) (size 1.3 0.6) (layers F.Cu F.Paste F.Mask)
      (net 2 GND) (solder_mask_margin 0.07))
    (pad 1 smd rect (at -1.05 -0.95 90) (size 1.3 0.6) (layers F.Cu F.Paste F.Mask)
      (net 3 "Net-(Q1-Pad1)") (solder_mask_margin 0.07))
  )

  (gr_line (start 127.9652 48.9204) (end 127.9144 48.9712) (layer Edge.Cuts) (width 0.2) (tstamp 5C7177F1))
  (gr_line (start 127.9144 80.518) (end 127.9144 48.9712) (layer Edge.Cuts) (width 0.2))
  (gr_line (start 167.1828 80.4164) (end 127.9144 80.518) (layer Edge.Cuts) (width 0.2))
  (gr_line (start 167.132 48.9204) (end 167.1828 80.4164) (layer Edge.Cuts) (width 0.2))
  (gr_line (start 127.9144 48.9204) (end 167.132 48.9204) (layer Edge.Cuts) (width 0.2))

  (segment (start 165.0152 58.0812) (end 165.3032 58.3692) (width 0.6) (layer F.Cu) (net 1))
  (segment (start 145.034 58.0812) (end 165.0152 58.0812) (width 0.6) (layer F.Cu) (net 1))
  (segment (start 152.272 63.534) (end 151.572 63.534) (width 0.4) (layer F.Cu) (net 2))
  (segment (start 153.6604 64.9224) (end 152.272 63.534) (width 0.4) (layer F.Cu) (net 2))
  (segment (start 156.9172 64.9224) (end 153.6604 64.9224) (width 0.4) (layer F.Cu) (net 2))
  (segment (start 157.6172 65.6224) (end 156.9172 64.9224) (width 0.4) (layer F.Cu) (net 2))
  (segment (start 157.6172 65.9724) (end 157.6172 65.6224) (width 0.4) (layer F.Cu) (net 2))
  (segment (start 146.684 60.1812) (end 145.984 60.1812) (width 0.4) (layer F.Cu) (net 2))
  (segment (start 148.9868 62.484) (end 146.684 60.1812) (width 0.4) (layer F.Cu) (net 2))
  (segment (start 150.872 62.484) (end 148.9868 62.484) (width 0.4) (layer F.Cu) (net 2))
  (segment (start 151.572 63.184) (end 150.872 62.484) (width 0.4) (layer F.Cu) (net 2))
  (segment (start 151.572 63.534) (end 151.572 63.184) (width 0.4) (layer F.Cu) (net 2))
  (segment (start 145.284 59.1312) (end 144.526 59.1312) (width 0.4) (layer F.Cu) (net 2))
  (segment (start 145.984 60.1812) (end 145.984 59.8312) (width 0.4) (layer F.Cu) (net 2))
  (segment (start 145.984 59.8312) (end 145.284 59.1312) (width 0.4) (layer F.Cu) (net 2))
  (segment (start 138.684 53.2892) (end 129.7432 53.2892) (width 0.4) (layer F.Cu) (net 2))
  (segment (start 144.526 59.1312) (end 138.684 53.2892) (width 0.4) (layer F.Cu) (net 2))
  (segment (start 128.541119 53.2892) (end 128.4732 53.357119) (width 0.4) (layer F.Cu) (net 2))
  (segment (start 129.7432 53.2892) (end 128.541119 53.2892) (width 0.4) (layer F.Cu) (net 2))
  (segment (start 129.143199 57.079201) (end 131.744399 57.079201) (width 0.4) (layer F.Cu) (net 2))
  (segment (start 128.4732 53.357119) (end 128.4732 56.409202) (width 0.4) (layer F.Cu) (net 2))
  (segment (start 128.4732 56.409202) (end 129.143199 57.079201) (width 0.4) (layer F.Cu) (net 2))
  (segment (start 128.4732 58.949202) (end 129.163198 59.6392) (width 0.4) (layer F.Cu) (net 2))
  (segment (start 128.4732 56.409202) (end 128.4732 58.949202) (width 0.4) (layer F.Cu) (net 2))
  (segment (start 129.163198 59.6392) (end 131.318 59.6392) (width 0.4) (layer F.Cu) (net 2))
  (segment (start 144.05 60.1472) (end 144.084 60.1812) (width 0.6) (layer F.Cu) (net 3))
  (segment (start 140.6234 60.1472) (end 144.05 60.1472) (width 0.6) (layer F.Cu) (net 3))
  (segment (start 149.198 64.008) (end 149.672 63.534) (width 0.6) (layer F.Cu) (net 4))
  (segment (start 143.6804 64.008) (end 149.198 64.008) (width 0.6) (layer F.Cu) (net 4))
  (segment (start 164.7784 61.434) (end 165.3032 60.9092) (width 0.6) (layer F.Cu) (net 5))
  (segment (start 150.622 61.434) (end 164.7784 61.434) (width 0.6) (layer F.Cu) (net 5))
  (segment (start 164.88 63.8724) (end 165.3032 63.4492) (width 0.6) (layer F.Cu) (net 6))
  (segment (start 156.6672 63.8724) (end 164.88 63.8724) (width 0.6) (layer F.Cu) (net 6))
  (segment (start 155.7172 66.3224) (end 155.7172 65.9724) (width 0.6) (layer F.Cu) (net 7))
  (segment (start 148.3796 73.66) (end 155.7172 66.3224) (width 0.6) (layer F.Cu) (net 7))
  (segment (start 136.7716 73.66) (end 148.3796 73.66) (width 0.6) (layer F.Cu) (net 7))
  (segment (start 138.5734 57.2934) (end 138.5734 60.1472) (width 0.6) (layer F.Cu) (net 8))
  (segment (start 129.7432 55.8292) (end 137.1092 55.8292) (width 0.6) (layer F.Cu) (net 8))
  (segment (start 137.1092 55.8292) (end 138.5734 57.2934) (width 0.6) (layer F.Cu) (net 8))
  (segment (start 132.2832 58.3692) (end 137.922 64.008) (width 0.6) (layer F.Cu) (net 9))
  (segment (start 129.7432 58.3692) (end 132.2832 58.3692) (width 0.6) (layer F.Cu) (net 9))
  (segment (start 141.6304 64.008) (end 137.922 64.008) (width 0.6) (layer F.Cu) (net 9))
  (segment (start 134.6708 73.6092) (end 134.7216 73.66) (width 0.6) (layer F.Cu) (net 10))
  (segment (start 129.7432 73.6092) (end 134.6708 73.6092) (width 0.6) (layer F.Cu) (net 10))
  (segment (start 129.7432 50.7492) (end 150.6728 50.7492) (width 0.6) (layer F.Cu) (net 11))
  (segment (start 155.7528 55.8292) (end 165.3032 55.8292) (width 0.6) (layer F.Cu) (net 11))
  (segment (start 150.6728 50.7492) (end 155.7528 55.8292) (width 0.6) (layer F.Cu) (net 11))

  (zone (net 2) (net_name GND) (layer F.Cu) (tstamp 0) (hatch edge 0.508)
    (connect_pads (clearance 0.508))
    (min_thickness 0.254)
    (fill yes (arc_segments 16) (thermal_gap 0.508) (thermal_bridge_width 0.508))
    (polygon
      (pts
        (xy 127.9144 48.9204) (xy 167.0304 48.9204) (xy 167.0304 80.4164) (xy 127.9652 80.4164)
      )
    )
    (filled_polygon
      (pts
        (xy 164.232575 64.918575) (xy 163.904361 65.409782) (xy 163.789108 65.9892) (xy 163.904361 66.568618) (xy 164.232575 67.059825)
        (xy 164.530961 67.2592) (xy 164.232575 67.458575) (xy 163.904361 67.949782) (xy 163.789108 68.5292) (xy 163.904361 69.108618)
        (xy 164.232575 69.599825) (xy 164.530961 69.7992) (xy 164.232575 69.998575) (xy 163.904361 70.489782) (xy 163.789108 71.0692)
        (xy 163.904361 71.648618) (xy 164.232575 72.139825) (xy 164.530961 72.3392) (xy 164.232575 72.538575) (xy 163.904361 73.029782)
        (xy 163.789108 73.6092) (xy 163.904361 74.188618) (xy 164.232575 74.679825) (xy 164.530961 74.8792) (xy 164.232575 75.078575)
        (xy 163.904361 75.569782) (xy 163.789108 76.1492) (xy 163.904361 76.728618) (xy 164.232575 77.219825) (xy 164.250819 77.232016)
        (xy 164.205435 77.241043) (xy 163.995391 77.381391) (xy 163.855043 77.591435) (xy 163.80576 77.8392) (xy 163.80576 79.5392)
        (xy 163.835767 79.690058) (xy 130.79028 79.775557) (xy 130.813825 79.759825) (xy 131.142039 79.268618) (xy 131.257292 78.6892)
        (xy 131.142039 78.109782) (xy 130.813825 77.618575) (xy 130.515439 77.4192) (xy 130.813825 77.219825) (xy 131.142039 76.728618)
        (xy 131.257292 76.1492) (xy 131.142039 75.569782) (xy 130.813825 75.078575) (xy 130.515439 74.8792) (xy 130.813825 74.679825)
        (xy 130.904447 74.5442) (xy 133.62812 74.5442) (xy 133.762014 74.744586) (xy 134.053164 74.939127) (xy 134.396599 75.00744)
        (xy 135.046601 75.00744) (xy 135.390036 74.939127) (xy 135.681186 74.744586) (xy 135.7466 74.646687) (xy 135.812014 74.744586)
        (xy 136.103164 74.939127) (xy 136.446599 75.00744) (xy 137.096601 75.00744) (xy 137.440036 74.939127) (xy 137.731186 74.744586)
        (xy 137.831137 74.595) (xy 148.287514 74.595) (xy 148.3796 74.613317) (xy 148.471686 74.595) (xy 148.744419 74.54075)
        (xy 149.053697 74.334097) (xy 149.105861 74.256028) (xy 156.110635 67.251255) (xy 156.264965 67.220557) (xy 156.475009 67.080209)
        (xy 156.615357 66.870165) (xy 156.66464 66.6224) (xy 156.66464 66.351942) (xy 156.670516 66.322401) (xy 156.66464 66.29286)
        (xy 156.66464 66.25815) (xy 156.6822 66.25815) (xy 156.6822 66.748709) (xy 156.778873 66.982098) (xy 156.957501 67.160727)
        (xy 157.19089 67.2574) (xy 157.33145 67.2574) (xy 157.4902 67.09865) (xy 157.4902 66.0994) (xy 157.7442 66.0994)
        (xy 157.7442 67.09865) (xy 157.90295 67.2574) (xy 158.04351 67.2574) (xy 158.276899 67.160727) (xy 158.455527 66.982098)
        (xy 158.5522 66.748709) (xy 158.5522 66.25815) (xy 158.39345 66.0994) (xy 157.7442 66.0994) (xy 157.4902 66.0994)
        (xy 156.84095 66.0994) (xy 156.6822 66.25815) (xy 156.66464 66.25815) (xy 156.66464 65.3224) (xy 156.634294 65.16984)
        (xy 156.693074 65.16984) (xy 156.6822 65.196091) (xy 156.6822 65.68665) (xy 156.84095 65.8454) (xy 157.4902 65.8454)
        (xy 157.4902 65.8254) (xy 157.7442 65.8254) (xy 157.7442 65.8454) (xy 158.39345 65.8454) (xy 158.5522 65.68665)
        (xy 158.5522 65.196091) (xy 158.455527 64.962702) (xy 158.300226 64.8074) (xy 164.39896 64.8074)
      )
    )
    (filled_polygon
      (pts
        (xy 137.195741 64.604031) (xy 137.247903 64.682097) (xy 137.557181 64.88875) (xy 137.829914 64.943) (xy 137.829918 64.943)
        (xy 137.921999 64.961316) (xy 138.01408 64.943) (xy 140.570863 64.943) (xy 140.670814 65.092586) (xy 140.961964 65.287127)
        (xy 141.305399 65.35544) (xy 141.955401 65.35544) (xy 142.298836 65.287127) (xy 142.589986 65.092586) (xy 142.6554 64.994687)
        (xy 142.720814 65.092586) (xy 143.011964 65.287127) (xy 143.355399 65.35544) (xy 144.005401 65.35544) (xy 144.348836 65.287127)
        (xy 144.639986 65.092586) (xy 144.739937 64.943) (xy 149.105914 64.943) (xy 149.198 64.961317) (xy 149.290086 64.943)
        (xy 149.562819 64.88875) (xy 149.648589 64.83144) (xy 149.972 64.83144) (xy 150.219765 64.782157) (xy 150.429809 64.641809)
        (xy 150.570157 64.431765) (xy 150.61944 64.184) (xy 150.61944 63.81975) (xy 150.637 63.81975) (xy 150.637 64.310309)
        (xy 150.733673 64.543698) (xy 150.912301 64.722327) (xy 151.14569 64.819) (xy 151.28625 64.819) (xy 151.445 64.66025)
        (xy 151.445 63.661) (xy 151.699 63.661) (xy 151.699 64.66025) (xy 151.85775 64.819) (xy 151.99831 64.819)
        (xy 152.231699 64.722327) (xy 152.410327 64.543698) (xy 152.507 64.310309) (xy 152.507 63.81975) (xy 152.34825 63.661)
        (xy 151.699 63.661) (xy 151.445 63.661) (xy 150.79575 63.661) (xy 150.637 63.81975) (xy 150.61944 63.81975)
        (xy 150.61944 63.563542) (xy 150.625316 63.534001) (xy 150.61944 63.50446) (xy 150.61944 62.884) (xy 150.589094 62.73144)
        (xy 150.647874 62.73144) (xy 150.637 62.757691) (xy 150.637 63.24825) (xy 150.79575 63.407) (xy 151.445 63.407)
        (xy 151.445 63.387) (xy 151.699 63.387) (xy 151.699 63.407) (xy 152.34825 63.407) (xy 152.507 63.24825)
        (xy 152.507 62.757691) (xy 152.410327 62.524302) (xy 152.255026 62.369) (xy 164.246905 62.369) (xy 164.232575 62.378575)
        (xy 163.904361 62.869782) (xy 163.890911 62.9374) (xy 157.540477 62.9374) (xy 157.425009 62.764591) (xy 157.214965 62.624243)
        (xy 156.9672 62.57496) (xy 156.3672 62.57496) (xy 156.119435 62.624243) (xy 155.909391 62.764591) (xy 155.769043 62.974635)
        (xy 155.71976 63.2224) (xy 155.71976 63.842854) (xy 155.713883 63.8724) (xy 155.71976 63.901946) (xy 155.71976 64.5224)
        (xy 155.750106 64.67496) (xy 155.4172 64.67496) (xy 155.169435 64.724243) (xy 154.959391 64.864591) (xy 154.819043 65.074635)
        (xy 154.76976 65.3224) (xy 154.76976 65.94755) (xy 147.992311 72.725) (xy 137.831137 72.725) (xy 137.731186 72.575414)
        (xy 137.440036 72.380873) (xy 137.096601 72.31256) (xy 136.446599 72.31256) (xy 136.103164 72.380873) (xy 135.812014 72.575414)
        (xy 135.7466 72.673313) (xy 135.681186 72.575414) (xy 135.390036 72.380873) (xy 135.046601 72.31256) (xy 134.396599 72.31256)
        (xy 134.053164 72.380873) (xy 133.762014 72.575414) (xy 133.696007 72.6742) (xy 130.904447 72.6742) (xy 130.813825 72.538575)
        (xy 130.515439 72.3392) (xy 130.813825 72.139825) (xy 131.142039 71.648618) (xy 131.257292 71.0692) (xy 131.142039 70.489782)
        (xy 130.813825 69.998575) (xy 130.515439 69.7992) (xy 130.813825 69.599825) (xy 131.142039 69.108618) (xy 131.257292 68.5292)
        (xy 131.142039 67.949782) (xy 130.813825 67.458575) (xy 130.515439 67.2592) (xy 130.813825 67.059825) (xy 131.142039 66.568618)
        (xy 131.257292 65.9892) (xy 131.142039 65.409782) (xy 130.813825 64.918575) (xy 130.515439 64.7192) (xy 130.813825 64.519825)
        (xy 131.142039 64.028618) (xy 131.257292 63.4492) (xy 131.142039 62.869782) (xy 130.813825 62.378575) (xy 130.515439 62.1792)
        (xy 130.813825 61.979825) (xy 131.142039 61.488618) (xy 131.257292 60.9092) (xy 131.142039 60.329782) (xy 130.813825 59.838575)
        (xy 130.515439 59.6392) (xy 130.813825 59.439825) (xy 130.904447 59.3042) (xy 131.895911 59.3042)
      )
    )
    (filled_polygon
      (pts
        (xy 137.6384 57.68069) (xy 137.638401 59.046186) (xy 137.613814 59.062614) (xy 137.419273 59.353764) (xy 137.35096 59.697199)
        (xy 137.35096 60.597201) (xy 137.419273 60.940636) (xy 137.613814 61.231786) (xy 137.904964 61.426327) (xy 138.248399 61.49464)
        (xy 138.898401 61.49464) (xy 139.241836 61.426327) (xy 139.532986 61.231786) (xy 139.5984 61.133887) (xy 139.663814 61.231786)
        (xy 139.954964 61.426327) (xy 140.298399 61.49464) (xy 140.948401 61.49464) (xy 141.291836 61.426327) (xy 141.582986 61.231786)
        (xy 141.682937 61.0822) (xy 143.188005 61.0822) (xy 143.326191 61.289009) (xy 143.536235 61.429357) (xy 143.784 61.47864)
        (xy 144.384 61.47864) (xy 144.631765 61.429357) (xy 144.841809 61.289009) (xy 144.982157 61.078965) (xy 145.03144 60.8312)
        (xy 145.03144 60.46695) (xy 145.049 60.46695) (xy 145.049 60.957509) (xy 145.145673 61.190898) (xy 145.324301 61.369527)
        (xy 145.55769 61.4662) (xy 145.69825 61.4662) (xy 145.857 61.30745) (xy 145.857 60.3082) (xy 146.111 60.3082)
        (xy 146.111 61.30745) (xy 146.26975 61.4662) (xy 146.41031 61.4662) (xy 146.643699 61.369527) (xy 146.822327 61.190898)
        (xy 146.919 60.957509) (xy 146.919 60.46695) (xy 146.76025 60.3082) (xy 146.111 60.3082) (xy 145.857 60.3082)
        (xy 145.20775 60.3082) (xy 145.049 60.46695) (xy 145.03144 60.46695) (xy 145.03144 60.21074) (xy 145.037316 60.181199)
        (xy 145.03144 60.151658) (xy 145.03144 59.5312) (xy 145.001094 59.37864) (xy 145.059874 59.37864) (xy 145.049 59.404891)
        (xy 145.049 59.89545) (xy 145.20775 60.0542) (xy 145.857 60.0542) (xy 145.857 60.0342) (xy 146.111 60.0342)
        (xy 146.111 60.0542) (xy 146.76025 60.0542) (xy 146.919 59.89545) (xy 146.919 59.404891) (xy 146.822327 59.171502)
        (xy 146.667026 59.0162) (xy 163.949518 59.0162) (xy 164.232575 59.439825) (xy 164.530961 59.6392) (xy 164.232575 59.838575)
        (xy 163.904361 60.329782) (xy 163.870702 60.499) (xy 151.495277 60.499) (xy 151.379809 60.326191) (xy 151.169765 60.185843)
        (xy 150.922 60.13656) (xy 150.322 60.13656) (xy 150.074235 60.185843) (xy 149.864191 60.326191) (xy 149.723843 60.536235)
        (xy 149.67456 60.784) (xy 149.67456 61.404454) (xy 149.668683 61.434) (xy 149.67456 61.463546) (xy 149.67456 62.084)
        (xy 149.704906 62.23656) (xy 149.372 62.23656) (xy 149.124235 62.285843) (xy 148.914191 62.426191) (xy 148.773843 62.636235)
        (xy 148.72456 62.884) (xy 148.72456 63.073) (xy 144.739937 63.073) (xy 144.639986 62.923414) (xy 144.348836 62.728873)
        (xy 144.005401 62.66056) (xy 143.355399 62.66056) (xy 143.011964 62.728873) (xy 142.720814 62.923414) (xy 142.6554 63.021313)
        (xy 142.589986 62.923414) (xy 142.298836 62.728873) (xy 141.955401 62.66056) (xy 141.305399 62.66056) (xy 140.961964 62.728873)
        (xy 140.670814 62.923414) (xy 140.570863 63.073) (xy 138.30929 63.073) (xy 133.00946 57.773171) (xy 132.957297 57.695103)
        (xy 132.648019 57.48845) (xy 132.375286 57.4342) (xy 132.2832 57.415883) (xy 132.191114 57.4342) (xy 130.904447 57.4342)
        (xy 130.813825 57.298575) (xy 130.515439 57.0992) (xy 130.813825 56.899825) (xy 130.904447 56.7642) (xy 136.721911 56.7642)
      )
    )
    (filled_polygon
      (pts
        (xy 128.672575 59.439825) (xy 128.970961 59.6392) (xy 128.672575 59.838575) (xy 128.6494 59.873259) (xy 128.6494 59.405141)
      )
    )
    (filled_polygon
      (pts
        (xy 155.02654 56.42523) (xy 155.078703 56.503297) (xy 155.156769 56.555459) (xy 155.387981 56.70995) (xy 155.7528 56.782517)
